  2.79878964834169217E-004
  1.11611817227290874E-005
  1.10809919636783709E-005
  1.0E-003
  1.1E-005
  1.0E-006
  1.0E-006
  1.0E-006
  1.0E-006
  1.0E-006
  1.0E-006
  1.0E-005
  1.0E-005
  1.0E-005
  1.0E-005
  1.0E-005
  1.0E-005
  1.0E-005
  1.0E-005
  1.0E-005
   2.0011044298029     
   2.090132715962941     
   2.21    
   2.030755238772533     
   2.2202839082066597     
   2.2204819840404272     
   2.220725071161025     
   2.2200591867636464     
   4.0000000000000000     
   20.000000000000000     
   3.0000000000000000     
   15.000000000000000     
   34.000000000000000     
   35.000000000000000     
   34.100000000000001     
   34.500000000000000     
   0.0000     
   0.0000     
   0.0000     
   0.0000     
   0.0000     
   0.0000     
